PS D:\Studia\SEM_6\SPD\neh> cd "d:\Studia\SEM_6\SPD\neh\" ; if ($?) { g++ main.cpp -o main } ; if ($?) { .\main }
data.000: Cmax = 32
1 4 3 2
data.001: Cmax = 1286
3 17 9 8 15 14 11 16 13 19 6 4 5 18 1 2 10 7 20 12
data.002: Cmax = 1365
19 14 6 20 3 10 17 9 18 12 7 15 1 13 16 5 4 11 2 8 
data.003: Cmax = 1140
16 4 3 20 18 7 1 12 10 5 9 19 14 15 17 6 2 11 13 8
data.004: Cmax = 1325
13 16 9 17 11 19 10 6 7 15 1 12 5 20 2 3 8 14 4 18
data.005: Cmax = 1305
5 3 12 10 20 19 9 18 7 17 15 13 4 16 6 2 14 11 8 1
data.006: Cmax = 1228
11 5 20 13 8 17 6 16 1 7 12 14 2 18 10 15 9 4 19 3
data.007: Cmax = 1279
5 16 15 11 1 2 14 20 13 8 6 9 7 17 19 12 4 3 18 10 
data.008: Cmax = 1223
17 12 9 2 14 10 18 4 16 19 7 8 6 5 20 15 13 1 3 11
data.009: Cmax = 1291
4 2 20 18 17 15 1 10 7 9 16 13 8 3 5 12 6 14 11 19
data.010: Cmax = 1151
7 19 11 12 16 6 1 13 10 15 2 8 3 4 18 14 17 5 20 9
data.011: Cmax = 1680
18 5 2 17 3 6 12 9 15 10 20 13 8 14 19 11 4 7 1 16
data.012: Cmax = 1786
17 9 12 5 15 7 11 3 10 1 20 2 16 4 19 6 13 8 14 18 
data.013: Cmax = 1557
4 9 16 7 2 5 12 13 11 15 1 20 6 14 17 10 3 18 19 8
data.014: Cmax = 1439
3 9 20 18 13 4 16 15 1 10 11 2 7 8 6 19 12 14 17 5
data.015: Cmax = 1502
16 8 4 20 18 14 15 13 9 6 1 7 3 17 2 5 19 12 11 10
data.016: Cmax = 1453
20 8 19 18 16 11 14 3 6 15 13 4 5 7 12 17 10 9 2 1
data.017: Cmax = 1562
19 6 7 10 3 17 1 4 8 20 18 9 2 5 16 14 15 13 11 12
data.018: Cmax = 1609
8 7 18 20 14 4 17 2 5 9 19 3 6 11 1 13 15 10 16 12
data.019: Cmax = 1647
14 12 8 17 4 11 2 20 1 19 16 3 13 18 7 15 10 5 6 9
data.020: Cmax = 1653
5 13 17 9 19 4 7 8 16 6 20 2 10 3 18 1 15 14 11 12 
data.021: Cmax = 2410
16 15 10 8 9 12 13 11 5 1 20 14 17 2 18 6 7 19 3 4
data.022: Cmax = 2150
18 3 11 4 5 13 1 12 16 19 15 6 14 10 20 17 7 9 8 2
data.023: Cmax = 2411
5 19 4 20 11 13 1 9 16 8 15 17 18 3 12 2 10 14 6 7
data.024: Cmax = 2262
14 3 18 5 2 8 12 4 6 11 20 15 13 1 7 19 16 10 17 9
data.025: Cmax = 2397
10 9 19 11 15 13 5 2 3 18 17 4 20 12 14 1 16 6 8 7 
data.026: Cmax = 2349
18 6 8 20 16 9 17 4 13 15 10 2 14 5 1 3 7 12 11 19
data.027: Cmax = 2362
10 12 16 14 5 19 18 6 7 17 4 2 11 15 20 8 9 3 1 13 
data.028: Cmax = 2249
4 2 16 10 20 5 1 14 6 7 3 11 17 19 13 12 8 18 15 9
data.029: Cmax = 2306
1 17 11 8 2 13 14 18 3 7 16 9 10 6 15 4 12 19 20 5
data.030: Cmax = 2277
6 3 17 8 19 15 12 9 10 16 1 2 13 5 7 18 4 11 20 14
data.031: Cmax = 2733
10 36 24 50 39 38 40 46 17 31 41 12 18 6 26 32 49 13 8 5 44 22 43 4 2 34 42 21 25 27 45 16 28 29 9 14 15 47 1 11 33 7 30 20 48 23 35 19 37 3 
data.032: Cmax = 2843
50 49 15 10 42 37 38 5 45 6 23 33 8 14 7 43 28 44 2 46 39 22 16 32 18 40 9 30 29 17 19 13 41 27 35 34 21 24 3 12 25 48 36 11 20 26 47 1 31 4
data.033: Cmax = 2625
27 8 22 2 16 23 24 26 18 30 37 6 35 25 48 41 3 33 15 46 5 36 34 32 1 13 49 11 20 7 31 10 4 45 40 17 9 29 28 43 47 19 38 50 42 44 14 21 12 39 
data.034: Cmax = 2783
42 26 12 22 50 3 23 9 27 4 14 7 34 16 25 41 15 32 35 18 36 28 2 24 47 19 39 46 11 6 10 37 20 5 49 45 38 8 1 33 29 48 40 17 43 13 31 21 44 30 
data.035: Cmax = 2868
46 48 7 3 19 9 29 10 44 50 30 36 32 21 34 28 20 39 13 1 5 24 31 18 8 40 4 41 37 16 12 35 14 2 43 23 22 47 11 15 26 6 38 17 25 49 45 33 27 42
data.036: Cmax = 2838
1 28 21 47 4 22 29 33 41 35 5 50 48 24 36 46 43 20 39 10 16 19 8 30 34 11 3 9 23 15 6 49 38 18 7 17 13 45 44 37 2 32 26 14 40 42 25 27 12 31 
data.037: Cmax = 2752
22 25 40 5 27 15 13 37 42 34 43 20 49 18 12 19 36 14 8 21 39 7 23 32 46 6 10 31 35 33 30 9 11 3 44 48 29 17 26 2 28 24 50 45 4 47 38 1 41 16
data.038: Cmax = 2694
34 7 47 30 10 36 43 50 27 15 8 26 5 1 14 33 9 21 31 18 25 20 37 28 24 6 46 16 44 19 39 11 48 29 45 49 3 12 41 32 23 42 35 22 13 17 2 4 38 40
data.039: Cmax = 2574
13 3 10 24 50 29 1 9 16 14 28 45 44 15 7 39 46 49 12 47 33 5 40 2 20 30 34 48 25 19 21 32 11 26 38 23 6 22 43 36 18 31 37 41 35 27 42 4 17 8 
data.040: Cmax = 2792
6 34 1 39 19 44 31 33 30 36 48 27 8 29 35 43 2 21 18 15 20 11 28 3 22 49 24 10 5 7 40 4 46 17 41 16 47 13 14 42 25 37 38 9 32 26 50 23 45 12 
data.041: Cmax = 3168
25 44 24 30 20 49 32 34 33 31 36 37 43 8 38 42 29 4 6 14 2 7 47 15 28 11 18 23 35 46 9 27 22 17 40 3 48 5 13 12 10 21 45 26 16 50 41 19 1 39 
data.042: Cmax = 3021
35 49 12 33 28 50 44 47 38 9 42 27 23 31 25 20 39 34 11 18 43 46 10 5 26 29 16 17 24 40 19 6 32 4 36 7 48 21 8 37 15 41 13 30 3 22 14 2 45 1
data.043: Cmax = 3036
24 39 4 28 36 25 10 37 20 35 19 46 2 1 30 47 31 38 18 5 17 41 32 29 7 42 22 23 33 3 11 49 9 48 34 16 45 40 43 13 50 27 44 26 6 15 14 12 21 8
data.044: Cmax = 3194
20 5 22 13 24 33 34 10 7 39 18 28 8 48 19 2 6 9 41 29 36 14 1 47 3 31 46 16 40 25 30 23 38 4 44 12 21 37 15 11 35 26 32 43 17 49 27 45 50 42
data.045: Cmax = 3159
6 46 1 42 14 33 11 49 50 38 45 12 48 18 29 36 17 44 2 16 5 30 4 7 15 47 40 22 8 3 28 24 9 31 35 41 39 25 37 34 10 13 19 27 20 26 21 43 23 32
data.046: Cmax = 3178
3 45 5 24 44 28 15 38 42 11 40 41 9 10 25 14 33 2 19 13 23 26 6 39 46 1 49 12 29 43 4 30 36 47 34 50 27 21 48 31 17 22 32 8 37 18 20 35 16 7
data.047: Cmax = 3277
26 6 27 33 32 17 2 49 23 20 13 21 46 9 37 12 34 16 22 44 1 24 19 28 5 41 45 3 14 10 50 7 25 43 47 31 48 29 42 39 8 30 11 15 35 36 38 4 40 18 
data.048: Cmax = 3193
26 45 11 44 25 15 1 8 13 7 29 14 20 6 18 35 19 16 50 33 47 2 37 10 23 42 12 24 4 32 43 9 49 48 30 31 3 22 36 46 17 27 5 38 41 28 40 34 21 39 
data.049: Cmax = 3015
33 44 47 27 23 30 13 37 39 16 21 18 6 28 35 9 46 32 22 26 48 4 12 42 10 31 8 3 2 11 17 7 41 40 1 14 20 24 34 50 36 45 19 25 5 15 38 49 43 29 
data.050: Cmax = 3257
11 21 15 49 9 39 17 8 27 38 7 10 6 1 36 42 13 24 44 4 32 16 41 20 26 43 3 48 22 28 25 47 30 37 35 29 46 34 33 5 2 31 19 18 12 23 50 40 14 45
data.051: Cmax = 4024
35 20 37 31 5 10 33 43 26 6 49 42 41 46 28 47 32 8 1 16 34 48 38 7 39 22 44 17 36 15 23 27 29 14 21 13 45 24 9 2 18 19 40 11 4 30 25 50 12 3
data.052: Cmax = 3921
33 20 32 43 38 49 37 45 50 14 36 30 39 1 19 17 11 41 42 31 26 15 6 44 35 23 46 29 5 25 40 47 18 10 22 12 13 34 7 48 2 28 4 16 8 21 3 24 27 9 
data.053: Cmax = 3890
24 27 12 15 45 4 28 8 31 49 16 39 22 5 26 17 46 11 2 32 9 38 19 6 47 43 48 21 25 44 37 34 18 20 29 1 3 30 35 14 40 23 41 7 13 42 10 36 33 50
data.054: Cmax = 3987
20 4 8 21 24 45 3 36 44 49 14 34 17 16 22 38 23 12 31 13 7 40 11 33 29 30 32 46 47 35 15 9 43 5 6 2 10 50 39 41 37 48 1 27 42 19 25 18 26 28
data.055: Cmax = 3835
40 48 2 4 19 25 31 23 33 49 32 15 5 28 34 18 26 36 42 45 10 22 6 38 8 39 16 44 35 27 46 13 21 50 7 20 3 14 41 37 12 24 29 47 17 43 9 1 30 11
data.056: Cmax = 3920
14 3 17 18 50 45 16 37 26 21 33 42 20 40 32 31 46 11 49 28 27 36 8 23 2 1 19 6 25 30 15 7 47 41 24 43 4 9 13 29 39 10 12 22 5 35 34 48 44 38 
data.057: Cmax = 3952
20 4 15 2 46 23 43 29 12 38 14 28 11 5 34 49 27 22 24 41 45 10 36 13 31 26 50 47 40 37 17 48 18 35 9 8 39 19 33 32 30 21 3 42 1 7 6 25 44 16
data.058: Cmax = 3930
32 20 15 26 3 8 31 13 21 25 41 16 18 49 27 30 4 39 42 1 43 38 11 5 45 35 48 19 33 29 24 9 22 17 37 6 7 34 23 12 36 14 47 40 10 28 2 46 50 44
data.059: Cmax = 3952
35 14 37 9 28 32 29 26 8 1 6 38 7 12 46 18 24 41 10 17 3 50 34 45 49 13 42 31 11 48 5 21 36 16 47 27 22 23 33 30 43 39 4 40 19 2 44 25 15 20 
data.060: Cmax = 4079
36 19 1 33 22 15 42 10 37 14 4 50 47 7 21 9 8 18 20 28 31 27 44 39 3 38 23 43 49 24 32 35 25 5 17 29 13 45 41 40 6 2 11 12 46 26 16 30 48 34 
data.061: Cmax = 5519
10 93 77 84 71 50 68 56 46 65 72 24 40 60 29 58 35 80 34 5 7 64 12 26 96 85 39 90 32 21 14 53 95 74 98 13 4 99 28 8 3 62 19 47 54 15 97 16 69 87 38 6 36 49 31 88 45 78 18 83 42 33 89 51 17 94 27 11 92 48 25 76 2 75 67 52 44 82 79 22 9 91 70 73 37 41 81 43 57 100 86 63 59 23 61 20 30 66 1 55 
data.062: Cmax = 5284
46 16 88 33 45 77 86 83 80 5 25 15 29 39 92 43 58 20 10 8 31 76 100 68 37 93 40 61 66 53 79 90 7 98 34 67 19 6 14 26 24 65 51 59 9 3 42 54 1 28 69 12 57 56 94 78 85 89 48 47 97 23 27 95 22 11 81 91 32 36 35 71 55 96 41 50 18 38 87 63 84 82 21 74 64 4 30 2 49 44 17 62 13 72 70 73 75 52 60 99 
data.063: Cmax = 5209
68 42 82 41 89 28 38 13 43 51 1 12 23 14 11 10 97 32 90 77 57 61 31 58 94 25 16 30 17 45 40 9 86 65 100 62 59 5 22 67 91 53 54 33 81 24 34 56 96 99 80 95 92 46 7 37 21 47 88 18 69 79 70 49 6 93 35 83 73 74 27 78 2 44 15 29 84 76 20 52 4 98 48 3 66 63 19 75 72 85 87 8 50 55 60 71 26 36 64 39
data.064: Cmax = 5023
51 67 20 21 96 16 57 45 37 59 80 23 52 79 28 49 78 18 95 66 82 9 83 81 22 92 88 70 32 89 64 7 98 31 33 10 40 73 71 26 69 27 2 17 11 3 1 44 43 6 4 65 39 85 15 55 90 75 12 19 74 68 100 47 41 48 36 8 87 94 5 53 29 34 24 30 62 25 91 84 86 72 76 99 13 35 97 63 50 60 54 58 46 61 42 77 14 93 56 38
data.065: Cmax = 5261
12 2 98 74 72 24 1 77 57 68 41 21 11 10 86 82 64 5 39 8 51 88 17 4 29 47 44 70 78 67 92 100 84 94 99 20 56 7 69 53 93 60 27 96 55 52 85 91 54 71 73 25 15 59 35 95 65 81 40 62 66 48 38 34 9 45 42 43 89 23 14 80 13 6 32 26 31 19 3 46 30 49 36 61 90 76 16 37 75 83 22 63 18 33 97 28 87 58 50 79
data.066: Cmax = 5139
54 49 70 1 47 21 69 20 83 4 73 8 39 90 92 72 6 86 80 61 27 37 3 53 91 56 95 85 88 99 57 94 97 42 50 98 7 34 14 67 76 44 5 68 100 71 9 96 82 78 31 19 17 16 33 12 46 22 40 28 23 24 65 48 59 64 30 25 93 26 10 52 45 11 87 13 35 62 58 63 36 43 55 75 60 74 15 41 79 81 18 84 66 29 89 38 51 2 77 32
data.067: Cmax = 5256
6 35 50 19 77 13 20 89 62 15 98 80 96 16 91 75 12 2 66 85 40 100 27 81 3 76 29 86 7 45 32 8 92 18 42 10 69 46 78 68 49 41 61 87 60 54 30 43 63 26 95 83 37 52 84 51 65 93 74 39 56 25 23 34 88 31 44 36 47 48 99 90 11 57 72 59 33 53 21 4 17 38 97 73 58 94 9 70 82 67 64 1 24 14 5 71 22 28 55 79
data.068: Cmax = 5126
98 42 56 21 90 87 83 29 86 74 91 64 52 80 17 27 85 76 35 73 67 8 9 30 22 46 70 97 6 45 12 26 75 14 96 49 72 65 59 79 32 7 34 54 47 31 69 100 57 36 43 19 13 18 44 68 20 62 93 16 99 5 24 61 39 41 48 89 55 77 71 51 88 33 11 92 37 60 23 58 78 94 3 81 1 4 10 38 63 2 28 50 53 84 15 25 82 66 40 95 
data.069: Cmax = 5489
70 9 4 24 47 48 60 84 72 57 6 43 40 19 63 75 21 39 80 28 1 54 49 95 44 16 51 53 58 73 2 34 59 18 100 93 81 29 55 83 11 5 98 35 85 32 65 96 23 45 79 33 86 12 67 68 50 69 20 36 38 87 66 71 37 74 52 94 92 99 61 42 41 78 31 88 77 30 14 22 3 25 7 76 89 46 62 64 91 13 56 26 82 27 15 10 8 97 90 17 
data.070: Cmax = 5342
20 74 62 55 27 75 50 29 83 31 100 58 51 92 90 69 32 23 11 26 98 87 54 4 24 18 44 15 81 94 56 49 67 60 57 22 73 72 33 93 79 19 88 1 43 99 80 84 9 64 95 63 71 76 66 97 48 34 61 82 42 91 40 17 30 13 39 5 28 12 53 14 59 86 41 16 96 6 45 78 77 3 25 89 68 36 52 37 21 8 85 38 46 65 7 10 70 35 47 2 
data.071: Cmax = 5881
70 58 61 37 15 77 5 91 29 64 35 87 99 44 62 24 38 20 2 31 51 83 36 81 67 39 34 98 57 88 14 42 80 95 43 33 41 85 75 93 73 92 49 16 65 46 4 6 32 1 76 71 22 97 66 23 55 25 10 27 63 68 96 7 8 90 86 9 59 89 11 19 48 94 18 79 47 28 54 78 84 21 60 17 56 69 13 53 26 30 82 74 100 52 50 40 3 45 72 12
data.072: Cmax = 5447
69 12 64 46 80 8 49 98 65 87 10 3 77 16 43 27 73 17 59 78 4 60 22 66 91 76 74 57 89 88 58 75 97 42 67 38 41 32 90 19 96 13 29 82 20 50 15 6 52 53 35 94 68 37 93 5 18 79 26 51 71 72 85 9 11 62 47 25 48 45 100 34 61 30 83 40 14 70 55 31 81 1 54 92 36 33 95 44 86 39 56 23 84 63 2 28 24 21 7 99 
data.073: Cmax = 5768
45 22 21 42 96 58 39 38 40 49 34 66 64 51 27 41 20 73 23 97 72 92 54 83 15 61 99 30 74 56 88 5 94 67 10 86 3 100 37 12 63 52 90 26 13 84 35 95 80 29 7 50 79 2 32 44 62 14 48 85 9 77 75 19 31 70 33 68 8 47 98 17 71 1 43 60 82 36 59 18 89 53 78 93 11 28 69 76 46 87 65 4 16 91 24 25 81 6 55 57
data.074: Cmax = 5989
56 76 32 92 24 47 81 53 12 98 77 2 83 71 31 48 35 78 82 95 67 26 96 62 33 61 16 46 87 7 94 5 99 58 59 21 19 74 88 23 93 17 27 25 54 18 45 100 42 86 22 36 91 6 57 4 79 40 66 43 9 84 55 38 80 8 34 50 1 70 60 49 20 63 44 10 28 51 73 11 13 14 89 15 69 29 75 90 3 52 37 65 30 72 41 97 68 64 39 85
data.075: Cmax = 5673
75 79 95 83 44 36 90 76 22 55 91 57 87 80 1 13 88 45 5 56 100 66 99 2 97 10 29 94 30 63 28 23 59 53 18 71 60 7 73 42 40 27 15 17 8 98 37 34 39 49 41 12 24 58 86 84 47 65 77 51 38 21 82 35 69 52 19 14 93 4 16 62 72 26 61 78 92 74 85 25 89 68 96 33 9 54 64 81 31 46 6 11 70 48 43 20 67 32 50 3
data.076: Cmax = 5420
78 86 53 9 46 8 57 68 18 7 54 90 67 43 77 22 40 14 25 49 97 19 64 5 4 85 15 84 74 72 82 98 48 29 50 66 2 20 24 6 81 23 10 31 30 73 35 21 62 88 34 69 71 93 1 39 89 92 76 33 17 38 27 51 42 52 3 99 55 87 45 61 80 100 60 13 63 94 91 32 41 37 11 58 83 56 36 95 96 28 70 16 47 75 79 12 59 26 65 44
data.077: Cmax = 5746
14 67 53 56 62 99 35 64 1 83 22 25 65 47 39 48 24 97 54 41 13 87 69 33 74 8 4 7 68 52 28 9 55 37 70 79 6 49 42 40 23 71 81 50 11 89 27 95 45 92 77 31 80 15 21 18 43 94 44 66 26 86 17 100 20 82 19 78 30 93 90 61 36 51 75 98 63 57 34 46 96 10 60 72 2 58 16 73 91 85 29 38 32 5 3 84 59 88 76 12
data.078: Cmax = 5742
73 67 14 10 41 70 94 12 56 78 97 99 39 15 69 38 90 55 9 50 31 13 98 76 71 32 24 68 2 100 22 21 26 30 16 93 62 5 18 4 6 27 60 28 65 83 89 7 43 57 19 85 47 92 37 75 23 54 88 52 91 95 82 42 46 58 77 8 51 49 29 40 64 1 74 45 35 36 34 44 87 96 25 79 20 3 80 72 61 86 63 84 81 33 17 48 53 66 11 59
data.079: Cmax = 6017
54 40 5 46 38 75 23 60 18 95 6 62 34 19 48 2 1 36 12 21 43 67 29 42 80 49 83 94 98 57 44 10 64 37 84 87 68 66 15 86 79 24 41 76 28 97 77 26 51 52 71 96 50 33 32 16 85 4 30 7 81 82 39 61 35 22 31 69 100 13 78 89 8 14 55 65 45 93 72 47 88 56 63 53 90 58 70 3 27 25 20 11 74 59 73 17 9 92 91 99
data.080: Cmax = 5960
63 84 57 97 71 46 9 66 8 52 16 17 32 82 81 94 2 14 89 54 68 15 42 24 6 79 100 99 48 64 19 56 78 92 47 30 34 73 75 74 31 80 76 55 28 36 72 40 4 21 3 83 18 38 13 25 44 20 69 88 96 10 7 22 50 95 37 53 58 1 11 35 45 5 67 85 23 51 39 60 49 61 93 70 98 33 12 90 43 87 65 41 59 77 86 29 26 27 91 62
data.081: Cmax = 6594
22 31 79 24 78 30 32 83 74 3 69 59 33 72 100 1 16 21 11 12 5 91 99 10 86 53 28 34 20 93 2 63 96 8 19 76 54 58 66 39 67 37 44 95 70 56 15 47 35 40 9 81 50 49 62 45 73 98 82 65 80 71 25 6 23 60 51 17 48 64 57 29 26 87 68 94 52 42 46 43 55 4 84 18 97 75 90 85 61 13 89 14 92 36 88 7 38 27 77 41
data.082: Cmax = 6565
50 49 5 69 75 29 66 14 68 91 59 31 1 98 58 6 41 73 64 79 92 10 3 26 95 35 99 44 77 84 76 15 65 43 96 81 71 30 70 19 87 54 42 93 100 89 78 80 74 22 47 51 2 97 63 13 9 52 57 33 72 45 23 20 40 36 32 53 88 7 21 86 8 16 67 48 94 85 83 60 62 28 37 11 25 82 27 24 38 34 56 90 17 12 61 4 46 18 39 55 
data.083: Cmax = 6639
92 42 87 41 96 23 95 97 10 28 11 5 61 46 12 22 25 60 67 83 29 24 20 64 51 32 57 63 53 43 86 75 15 4 54 98 47 31 1 85 13 39 94 88 17 35 48 52 78 6 89 56 21 9 72 2 26 90 44 34 71 77 8 58 82 70 84 91 50 40 62 16 33 36 55 79 80 27 99 3 19 76 81 93 69 37 74 38 66 49 30 7 45 14 73 65 68 59 18 100
data.084: Cmax = 6592
60 1 69 91 8 65 36 5 29 16 68 51 35 57 64 84 45 89 15 88 70 46 12 50 85 74 49 78 26 9 54 13 98 24 48 86 63 55 31 58 20 3 2 52 37 44 92 90 87 100 32 7 59 39 96 95 28 43 99 10 38 33 62 56 79 30 41 76 61 4 18 67 47 71 66 81 23 42 25 11 94 21 77 22 40 82 72 27 19 53 14 93 17 6 34 73 80 83 75 97
data.085: Cmax = 6660
33 62 98 30 64 14 52 65 70 97 42 39 15 54 58 69 27 85 77 11 28 61 74 17 37 75 95 99 44 76 16 56 8 100 45 91 81 94 12 86 46 13 96 26 66 40 82 20 50 88 57 92 48 72 38 53 25 32 29 2 31 24 93 21 67 83 9 4 41 51 34 78 1 47 80 10 5 49 79 59 23 71 3 43 22 84 6 89 87 60 68 35 73 7 90 19 36 55 63 18
data.086: Cmax = 6781
56 32 72 39 23 8 29 76 31 2 63 88 92 43 1 83 24 3 28 78 7 99 57 68 97 10 38 84 98 22 80 82 90 12 37 33 45 35 21 89 65 71 48 59 81 96 15 40 69 44 52 100 26 91 55 9 46 20 25 16 79 74 94 19 64 36 62 66 70 58 87 75 13 85 14 17 34 6 18 61 30 27 49 54 42 5 53 95 73 4 41 77 47 60 67 51 86 50 93 11
data.087: Cmax = 6676
57 49 95 93 85 48 60 64 20 53 7 91 96 39 84 100 52 89 79 82 47 97 59 21 12 87 72 25 73 24 6 40 98 81 13 88 58 69 5 65 46 94 43 27 9 18 26 51 56 70 32 37 8 15 61 19 16 33 83 23 29 41 78 90 67 45 22 92 34 77 1 38 28 44 66 17 11 50 62 42 55 86 3 99 30 71 36 31 54 4 2 35 10 14 74 63 75 80 68 76 
data.088: Cmax = 6739
39 87 21 4 71 72 59 78 18 9 62 43 74 67 33 63 30 56 69 31 3 14 81 12 44 22 32 88 19 79 66 53 16 37 98 45 23 93 17 29 8 36 7 54 77 52 65 41 83 25 35 57 73 24 51 68 76 27 40 99 13 60 86 49 10 64 11 38 75 28 91 89 84 61 6 80 5 50 15 82 2 58 85 55 100 46 42 1 90 95 48 34 70 94 96 97 20 47 92 26
data.089: Cmax = 6658
43 50 96 74 80 54 42 59 2 7 33 63 5 64 70 95 78 86 90 99 21 68 1 8 65 40 97 14 44 31 83 12 51 62 69 56 26 10 73 39 94 41 82 28 38 25 19 53 16 81 46 13 29 20 61 49 67 3 47 32 18 23 89 57 77 17 84 37 58 79 71 45 76 27 15 9 55 24 34 11 75 85 30 91 93 88 4 92 36 60 35 87 6 100 52 22 48 72 66 98
data.090: Cmax = 6718
64 90 20 34 15 56 67 66 89 7 54 51 62 27 65 21 88 6 24 16 47 11 38 60 87 43 71 74 79 23 12 33 100 35 41 83 13 25 92 98 37 85 86 40 48 52 78 46 72 5 32 42 84 10 97 80 9 95 8 1 68 77 26 22 4 57 18 50 69 70 31 82 91 96 61 2 14 99 3 76 36 94 53 73 29 63 44 39 75 49 30 17 81 45 58 28 19 55 59 93
data.091: Cmax = 10942
73 188 94 29 1 49 23 33 81 3 160 124 87 71 152 190 182 113 197 137 195 15 156 151 149 36 155 127 110 142 191 85 159 43 34 170 173 77 37 125 169 98 161 172 183 163 100 69 57 96 28 176 178 150 162 198 186 104 135 164 158 66 91 83 120 14 140 147 64 52 75 132 97 200 42 109 154 80 2 107 89 102 117 63 16 134 18 101 179 193 139 118 24 38 175 82 196 174 20 115 13 114 189 8 40 84 35 171 187 194 192 44 74 31 108 59 41 19 12 131 121 181 105 116 153 185 166 144 48 11 58 128 119 25 177 32 62 5 10 122 56 112 7 70 143 51 46 145 54 88 86 138 106 126 95 55 53 4 26 72 79 17 76 184 92 27 9 199 146 21 22 45 141 123 50 111 165 30 60 68 130 67 129 47 93 103 6 157 90 180 167 168 136 78 39 65 61 99 133 148
data.092: Cmax = 10715
22 31 27 96 170 57 88 104 133 137 9 158 20 45 187 55 148 25 109 166 42 33 139 19 114 144 5 200 11 65 74 181 93 1 62 156 183 21 34 127 189 64 50 37 77 91 112 54 128 164 194 76 2 184 108 143 24 23 136 125 132 178 196 121 99 146 131 122 78 138 119 149 113 105 117 140 152 118 134 84 163 185 49 38 179 98 46 150 32 52 130 29 111 70 142 86 165 176 171 15 94 147 141 81 92 116 107 87 101 60 56 110 106 160 59 191 173 28 197 102 85 83 16 192 167 17 40 72 39 6 48 95 151 199 124 69 63 145 100 120 75 198 161 68 168 7 97 162 103 195 89 71 66 159 153 80 193 18 43 73 135 3 182 154 44 169 35 14 172 36 123 174 67 180 90 53 41 12 188 82 26 129 30 58 157 115 51 4 155 175 190 186 79 47 177 13 126 61 10 8
data.093: Cmax = 11070
95 83 92 97 39 44 2 32 166 157 91 4 126 119 18 187 15 125 20 8 159 133 25 1 24 180 50 62 129 43 69 100 184 57 147 183 33 89 128 150 140 153 82 189 141 3 191 104 85 115 198 61 29 60 66 174 103 21 72 42 68 146 151 49 14 93 28 199 64 148 34 177 26 123 27 73 13 94 132 58 10 53 36 188 118 87 23 142 54 51 38 181 192 111 96 114 185 158 37 161 86 77 130 9 200 59 7 164 67 168 112 139 179 195 121 75 162 109 70 194 63 120 48 196 144 122 55 47 124 74 197 11 107 17 137 31 65 127 165 182 16 56 46 99 76 105 138 136 5 190 193 149 167 113 6 143 163 145 30 45 156 79 117 71 106 169 171 160 35 12 40 41 152 170 80 81 172 155 22 134 90 98 131 110 19 116 186 178 108 175 101 154 88 102 176 78 173 84 52 135
data.094: Cmax = 11057
7 160 196 50 136 173 11 153 192 17 189 56 25 120 90 91 134 10 144 61 71 38 145 111 188 32 158 187 147 137 131 64 161 92 130 24 69 59 107 81 87 62 125 132 126 99 163 199 43 133 36 108 74 119 103 168 106 151 170 159 185 82 15 190 195 165 176 14 96 124 102 3 197 191 67 58 37 66 30 8 194 75 20 86 44 142 174 79 26 98 149 97 181 68 178 47 2 115 9 186 138 128 146 29 16 78 118 76 123 28 83 85 40 33 93 139 155 5 164 77 184 27 127 73 200 1 48 110 49 100 46 175 114
 177 141 169 152 121 63 109 172 84 129 22 101 122 140 52 154 95 65 51 89 34 180 72 148 167 70 31 166 60 162 113 157 156 94 53 171 104 57 143 182 112 6 12 150 117 35 54 45 39 183 19 135 42 88 41 23 179 105 198 21 55 193 4 18 116 80 13
data.095: Cmax = 10608
198 74 181 29 105 192 184 193 186 11 154 3 98 96 12 40 72 191 123 79 125 86 117 92 165 164 67 111 106 189 61 188 127 103 108 178 99 147 114 17 200 128 175 26 54 151 157 95 7 8 163 148 48 155 42 124 37 4 143 139 160 130 18 28 71 21 118 76 187 80 102 68 182 20 120 107 152 90 59 83 85 110 38 13 176 1 93 141 153 36 43 156 25 119 15 140 170 150 10 169 113 115 100 121 196 88 56 194 197 183 45 142 49 87 66 112 75 41 39 23 179 190 116 137 166 89 44 78 129 19 9 144 199 62 145 58 5 16 133 63 138 34 162 122 47 53 27 104 177 136 158 167 24 134 55 82 173 51 50 77 132 168 81 97 69 172 131 159 185 180 126 171 31 6 46 65 94 135 52 84 33 57 101 146 60 109 91 32 161 2 73 14 64 35 149 195 70 22 174 30
data.096: Cmax = 10487
85 9 158 52 178 143 95 132 23 78 100 55 102 26 67 172 164 72 91 112 115 10 187 114 176 34 198 174 197 93 36 108 109 173 167 63 79 99 107 190 145 62 25 29 180 146 162 155 21 111 43 76 47 127 71 156 142 92 14 110 106 44 3 66 126 185 41 159 20 192 182 80 57 157 74 6 165 2 42 166 46 129 168 120 54 130 139 12 170 136 199 59 151 56 50 184 193 179 186 119 128 150 27 5 1 31 149 82 175 83 148 116 8 169 88 105 11 113 64 24 98 188 81 141 70 118 196 122 58 154 28 22 65 117 90 35 97 171 45 200 137 96 133 53 86 7 163 125 123 194 101 144 189 15 140 37 191 161 121 33 19 4 38 152 195 124 48 30 16 75 84 177 104 17 94 87 160 49 153 61 60 32 73 69 183 51 138 131 181 18 39 134 89 103 13 77 135 68 40 147
data.097: Cmax = 10985
135 198 147 101 15 63 11 165 159 117 73 187 60 18 88 75 62 155 196 151 158 78 119 61 154 93 112 126 36 144 6 80 194 105 143 38 173 114 116 31 20 167 23 40 76 178 29 197 42 51 123 108 140 170 200 94 53 49 161 162 160 148 142 66 191 163 50 133 181 95 45 131 89 136 27 139 52 3 169 4 14 176 37 34 132 57 156 153 86 2 33 7 72 199 17 87 24 150 129 30 97 79 106 77 70 99 35 65 85 183 74 115 127 109 39 91 152 130 190 185 110 179 103 177 122 157 48 186 8 195 54 81 28 12 120 56 100 90 193 141 188 46 83 121 32 189 175 166 113 182 192 174 102 13 168 104 134 22 111 138 125 128 82 118 96 69 146 16 145 172 137 92 84 68 21 55 44 64 47 43 67 41 10 124 171 59 180 164 149 107 1 19 5 184 9 58 25 71 98 26
data.098: Cmax = 10821
58 65 87 19 82 151 38 180 43 154 143 75 101 2 16 170 163 131 46 66 25 47 197 72 141 150 179 18 184 50 137 166 62 60 55 191 189 29 106 135 128 112 45 114 190 116 76 153 94 33 7 48 21 186 102 118 28 99 109 122 91 31 159 69 126 36 64 120 35 81 8 198 9 26 193 121 139 117 168 92 195 59 134 57 88 61 24 93 174 4 173 71 54 149 115 40 89 77 133 73 187 181 53 22 107 158 123 138 104 6 15 160 78 164 172 130 124 113 95 41 157 51 146 32 86 199 42 100 3 39 142 140 136 17 127 110 44 162 192 200 161 27 14 175 5 147 178 188 12 177 171 20 63 52 129 13 119 56 144 155 145 98 80 37 68 132 97 194 79 49 196 185 30 169 183 103 96 11 148 111 70 23 83 156 90 176 10 74 167 125 165 85 152 105 34 67 182 108 84 1
data.099: Cmax = 10556
165 97 126 199 39 124 37 156 158 71 30 3 178 119 157 125 174 62 20 22 91 34 56 12 175 194 19 154 21 142 187 169 177 49 64 171 17 41 54 31 192 84 112 168 83 105 44 163 151 65 136 86 111 122 100 149 145 94 184 129 148 110 11 18 141 189 98 135 118 28 138 77 80 176 26 140 25 73 29 43 70 48 68 134 47 195 5 123 36 78 55 162 9 104 24 96 69 113 99 130 185 152 46 59 164 160 32 60 67 33 23 116 89 108 92 95 90 172 115 57 167 85 61 2 137 159 166 161 45 153 146 72 101 179 133 16 8 143 186 109 82 50 10 58 173 197 13 66 6 103 181 182 193 147 81 51 117 93 131 102 52 63 14 4 38 190 180 15 75 74 7 183 200 35 87 120 196 139 1 114 150 27 155 42 132 128 198 79 107 106 121 188 191 53 88 76 127 170 144 40
data.100: Cmax = 10850
149 138 179 46 105 147 132 14 31 111 83 182 28 86 127 104 87 172 164 24 199 3 85 39 5 197 142 89 131 81 109 174 38 32 74 106 165 68 186 161 193 148 108 152 97 158 77 7 184 25 88 58 43 57 171 98 141 154 53 75 50 8 167 153 151 195 168 11 116 187 79 29 10 185 136 95 181 107 175 23 169 96 18 198 170 4 166 128 162 110 178 200 145 93 45 134 122 156 196 33 70 9 40 20 176 82 26 135 139 194 91 191 55 61 137 146 36 117 115 72 113 17 118 160 100 44 42 159 16 133 15 80 180 90 49 188 119 51 19 155 102 121 130 173 177 92 129 69 78 34 30 99 144 56 183 120 13 35 59 12 76 21 114 27 143 37 62 63 123 84 190 94 60 47 189 67 150 103 6 192 48 65 22 163 124 101 1 157 41 140 64 52 112 66 2 54 125 73 71 126
data.101: Cmax = 11684
83 76 150 65 33 152 57 151 109 128 131 88 170 195 14 95 9 163 94 182 97 86 99 89 111 121 144 166 124 115 87 122 167 62 82 133 79 137 112 155 107 165 140 72 176 5 197 32 162 101 22 29 154 119 66 41 28 10 175 146 96 198 190 30 185 160 42 92 40 113 56 120 126 178 147 80 123 130 20 2 138 180 193 59 60 47 179 85 153 105 188 52 6 135 108 173 12 73 106 132 54 17 172 125 35 117 102 157 4 61 93 34 129 103 177 174 48 25 13 139 71 164 110 169 31 200 11 148 63 36 70 77 156 49 50 141 199 136 3 104 187 7 118 24 27 39 184 127 51 161 143 81 46 186 67 64 168 68 53 98 15 158 142 116 171 18 19 37 149 145 26 91 189 58 1 75 84 90 16 181 194 191 100 44 134 78 196 69 114 8 159 45 43 23 192 38 74 55 183 21
data.102: Cmax = 11680
56 184 132 97 60 168 136 18 74 156 11 146 36 176 118 91 50 26 135 5 129 84 179 15 163 4 169 86 171 182 99 93 75 77 41 31 22 87 191 23 79 29 70 30 54 138 185 78 197 90 101 95 174 149 64 162 112 43 65 150 144 124 80 131 142 33 12 83 45 109 181 25 106 92 58 155 20 98 108 32 128 158 183 117 186 68 69 198 38 178 116 188 52 159 123 51 113 8 170 19 53 103 126 47 105 137 148 16 13 189 177 175 46 59 122 71 110 61 82 55 195 187 115 107 167 39 27 153 57 154 196 76 6 111 119 28 192 1 35 66 141 161 10 157 72 166 104 193 100 114 102 48 63 24 199 147 14 134 44 81 200 17 34 40 42 21 152 139 151 164 49 7 172 88 125 120 130 94 160 73 2 89 85 121 143 96 145 37 190 173 67 194 9 62 165 133 127 3 180 140
data.103: Cmax = 11853
137 161 155 113 169 111 167 64 187 61 44 189 140 185 178 181 192 163 184 93 117 133 171 176 110 36 188 128 179 81 198 11 67 200 173 49 180 122 124 101 149 30 116 57 107 114 37 96 51 160 17 25 158 28 94 70 31 126 2 23 53 129 102 84 100 141 191 118 132 145 153 170 127 174 59 186 104 20 154 91 13 123 54 130 24 89 97 6 34 80 7 43 159 134 119 4 3 74 148 99 1 183 172 76 69 14 29 39 52 143 47 45 195 85 71 115 21 86 156 62 151 146 139 196 150 63 108 18 135 197 103 33 194 16 50 55 77 106 68 5 38 75 66 165 82 157 12 164 78 56 8 152 175 98 41 136 121 112 182 79 65 193 162 58 73 168 166 60 27 131 92 90 32 190 72 147 138 22 10 83 105 15 40 109 9 19 125 95 144 177 48 46 88 35 26 120 42 199 87 142
data.104: Cmax = 11769
47 16 162 147 43 174 137 109 199 1 33 145 78 105 103 37 153 126 165 138 23 17 40 2 104 66 7 111 36 198 60 27 71 30 183 179 12 82 57 26 177 184 182 192 6 167 70 87 196 118 62 58 169 69 123 75 3 200 46 85 97 189 171 150 152 44 143 8 101 19 108 10 59 38 84 96 14 131 119 4 102 144 95 117 86 180 163 173 89 116 141 139 120 155 129 172 135 107 49 54 100 193 74 13 63 92 53 181 5 161 76 128 21 146 56 93 25 42 166 35 121 50 187 106 110 159 20 149 130 48 186 77 132 94 164 142 157 112 32 81 124 18 127 72 80 197 114 113 188 134 115 185 64 170 190 11 154 67 68 194 175 98 79 41 55 191 52 151 122 140 83 125 24 88 65 22 90 158 31 156 176 34 195 29 91 9 51 73 45 61 160 15 39 28 133 136 178 168 99 148
data.105: Cmax = 11604
134 171 107 70 128 45 31 3 162 83 100 97 5 11 173 91 99 176 101 163 6 56 75 40 133 144 103 131 93 55 85 193 110 74 160 116 180 158 174 104 19 118 94 25 175 77 80 42 4 167 48 151 73 192 63 34 166 140 111 108 155 76 22 43 98 41 121 105 122 150 125 96 69 62 154 7 109 86 185 95 200 124 72 61 51 9 10 198 178 64 54 102 157 38 120 13 130 15 57 36 27 67 92 182 21 60 30 29 82 33 169 126 14 177 119 188 196 172 183 78 132 46 136 179 148 26 50 199 135 186 143 161 165 84 59 141 187 138 28 12 145 58 146 142 88 24 17 190 47 115 37 20 123 127 152 16 89 170 8 164 53 44 147 18 71 79 65 149 184 90 189 197 87 139 35 113 129 114 106 66 191 32 159 39 49 168 117 195 153 2 1 52 156 112 68 23 194 137 181 81
data.106: Cmax = 11658
98 44 180 60 160 122 142 145 195 128 134 198 191 99 141 4 176 181 154 115 196 114 39 82 17 35 147 80 95 192 16 103 104 143 150 121 78 7 73 131 125 200 171 107 182 108 101 9 22 21 119 36 46 69 92 167 54 174 75 139 184 71 183 51 113 34 118 123 172 105 117 137 157 12 169 164 155 163 59 5 3 177 85 152 41 165 100 50 197 72 161 136 179 26 89 127 188 65 144 156 120 63 8 25 109 29 1 66 170 190 31 37 199 111 96 27 91 135 42 19 140 106 166 133 130 149 49 13 153 15 47 110 146 24 28 173 43 159 10 84 32 56 48 193 138 168 132 83 189 79 102 124 2 58 185 112 67 70 45 87 53 194 162 129 94 74 76 40 126 14 175 61 151 11 97 18 186 38 158 178 148 88 6 64 86 81 30 93 62 55 68 23 57 20 187 33 52 77 90 116
data.107: Cmax = 11792
168 175 65 200 59 66 143 23 68 9 138 159 124 74 117 181 12 27 14 32 30 10 164 15 28 77 166 35 89 196 193 40 80 142 149 98 111 56 141 167 128 69 140 109 163 153 99 171 76 62 189 102 136 51 42 67 119 158 131 57 188 90 7 100 88 3 20 70 50 4 94 123 130 22 31 199 170 54 176 82 84 83 49 37 34 183 52 198 152 101 157 182 110 81 191 58 85 60 16 72 6 87 186 144 145 63 44 122 150 154 180 24 134 113 39 8 36 103 148 195 55 177 169 194 78 129 38 114 53 95 108 132 127 92 185 19 184 172 5 64 156 43 11 61 1 107 118 121 133 93 112 86 139 151 161 178 162 125 33 91 79 46 17 187 190 41 73 96 179 45 165 75 174 13 160 147 197 173 97 18 137 105 146 21 2 115 71 25 47 104 29 116 155 106 48 135 192 126 120 26
data.108: Cmax = 11855
119 115 196 192 25 136 86 105 152 104 32 90 160 30 29 48 108 126 49 6 14 146 184 53 102 16 26 112 20 64 109 52 10 114 178 78 63 73 106 62 43 45 135 96 91 3 92 175 87 145 187 195 131 37 180 174 197 129 200 122 85 15 9 161 171 98 194 117 133 46 41 50 47 81 23 1 149 143 7 58 172 151 42 82 76 142 147 8 120 179 182 110 24 162 103 139 164 181 13 166 199 93 89 21 140 40 88 191 153 113 79 12 188 68 154 19 107 173 144 124 111 55 56 71 121 2 118 185 158 94 157 18 66 34 148 167 77 155 51 27 38 95 159 116 169 100 44 141 170 99 60 128 138 75 80 189 35 31 101 36 137 54 177 132 74 59 84 127 186 83 5 39 125 97 190 61 4 123 17 198 69 165 176 193 57 33 65 130 72 11 22 67 28 70 156 134 163 183 168 150
data.109: Cmax = 11681
113 190 191 10 166 100 55 17 54 116 111 186 91 120 6 109 76 32 132 123 75 162 140 80 74 67 163 144 57 59 90 86 149 177 53 103 68 9 153 181 167 159 137 11 176 102 26 197 187 198 42 5 15 4 124 112 139 134 39 133 44 29 27 69 178 95 62 19 97 183 128 160 14 193 64 184 24 88 73 12 131 157 31 155 77 81 63 175 60 106 30 126 70 72 179 158 152 143 136 45 104 196 21 188 65 130 40 110 46 194 56 118 200 61 41 150 82 115 169 161 171 185 47 154 168 182 13 105 138 52 28 93 170 94 156 121 141 96 35 33 98 127 87 22 49 164 147 38 79 195 58 16 101 192 125 37 43 20 114 18 174 119 145 48 50 7 92 172 83 34 71 78 3 142 89 146 23 25 122 2 189 173 85 148 108 84 117 107 36 99 151 129 51 66 199 1 165 135 1 464 110 314 336 337 88 472 102 435 2 175 199 436 144 483 108 139 164 86 392 340 237 223 231 104 302 187 218 498 73 212 87 53 408 309 312 438 484 300 430 380 247 163 67 398 406 338 172 27 457 276 77 224 454 261 211 33 28 109 129 420 143 355 35 458 235 38 280 262 414 447 44 316 147 332 63
data.113: Cmax = 26924431 210 389 361 163 443 337 66 190 423 253 290 466 38 46 288 192 162 185 419 303 91 71 459 55 99 388 478 106 454 127 437 373 329 497 340 435 424 482 494 41 193 387 486 395 481 170 2 490 499 237 49 186 28 456 207 232 333 10 93 225 425 89 238 368 155 269 316 235 308 473 354 364 393 286 187 299 252 136 50 259 464 285 396 281 488 469 22 108 496 102 309 498 305 96 385 427 403 483 314 465 37 291 398 31 56 11 95 402 63 84 77 124 69 245 375 123 3 275 492 111 372 153 457 173 36 194 17 54 339 146 86 182 407 384 70 65 294 4 27 47 324 376 257 67 331 230 145 34 226 191 378 48 246 227 132 81 321 428 223 404 135 62 82 75 374 85 434 118 61 130 471 174 302 156 268 231 390 5 74 211 251 116 272 126 284 449 406 181 219 110 474 113 300 311 178 88 134 228 400 214 446 355 161 221 138 470 365 356 76 234 363 16 121 256 222 408 20 177 283 463 39 147 500 342 119 399 114 254 444 328 53 107 278 152 196 320 379 306 439 430 236 240 179 21 25 45 417 489 79 367 157 92 105 487 462 158 68 90 476 411 460 180 436 318 453 224 109 438 330 358 129 229 381 260 1 202 421 349 137 280 409 274 78 250 326 351 270 150 468 40 392 480 220 338 167 206 485 386 244 265 344 131 371 15 94 495 414 216 429 8 420 455 322 458 149 18 433 148 175 341 217 35 26 382 172 412 293 484 154 313 405 171 51 410 325 271 23 189 141 215 359 416 98 350 312 122 128 144 450 195 169 100 441 277 334 343 242 24 357 241 261 197 304 14 33 323 442 19 13 87 307 83 125 203 208 12 151 139 447 42 452 415 369 249 213 426 165 477 394 352 104 44 247 289 491 391 383 348 258 184 103 200 97 142 467 7 264 168 370 166 366 422 445 218 335 120 276 397 401 346 332 248 301 239 353 327 267 188 319 183 9 204 30 298 209 297 59 493 413 52 360 159 60 377 212 115 448 440 73 282 461 133 287 112 176 205 451 380 57 243 58 315 296 64 262 347 201 72 29 198 336 140 164 199 345 233 32 160 43 317 279 292 295 310 273 6 80 479 117 472 266 263 362 432 418 143 101 255 475data.114: Cmax = 27076
1 151 191 442 110 299 133 344 402 392 359 437 32 73 198 301 479 240 433 46 270 170 193 376 414 103 383 363 206 325 286 82 491 98 120 398 371 467 142 4 273 458 294 285 446 171 260 19 27 268 220 197 346 154 118 44 331 500 157 224 391 473 74 200 11 388 78 317 297 278 22 277 57 60 228 128 102 172 357 97 452 298 427 356 396 214 300 67 148 496 225 318 48 30 267 324 28 26 304 14 314 389 131 264 330 203 410 360 443 263 250 150 347 275 315 457 440 478 244 161 480 336 216 91 135 280 149 445 451 341 127 254 241 86 52 184 342 25 222 387 423 436 111 249 229 316 353 71 136 124 470 223 51 246 21 40 296 471 77 333 185 327 90 409 146 485 272 56 405 364 362 449 261 83 50 31 455 3 211 450 282 332 384 395 212 126 323 173 248 466 482 2 85 213 421 177 155 165 322 380 7 176 125 188 404 107 419 288 348 43 159 418 431 303 393 87 63 226 95 119 256 33 195 12 55 257 94 494 435 162 114 145 425 499 251 69 72 258 453 358 81 96 227 245 320 61 201 163 108 79 53 117 238 468 406 132 183 354 210 365 483 305 156 5 293 417 202 472 462 167 237 41 18 274 47 386 116 255 284 54 24 465 208 338 232 343 189 178 434 312 340 45 129 10 168 486 62 375 415 424 306 492 369 311 181 408 66 158 416 13 368 153 329 236 9 310 247 207 463 166 160 313 180 217 80 326 99 105 252 37 49 302 242 281 498 394 441 93 287 351 101 58 143 112 39 374 459 448 221 35 144 382 253 36 234 233 390 337 123 308 100 477 484 34 400 469 401 349 269 130 205 204 215 444 290 106 339 474 65 138 84 319 307 464 174 59 372 355 352 169 187 321 422 6 179 218 199 76 493 295 235 366 182 430 407 428 361 113 109 219 283 140 137 373 490 104 447 377 495 265 196 497 438 454 367 16 209 70 488 291 23 134 29 175 164 397 385 412 20 476 335 461 292 429 381 88 276 186 75 121 139 481 279 231 475 378 328 399 350 147 309 152 411 271 141 420 432 243 230 42 115 192 38 8 379 68 15 426 413 89 439 194 334 239 403 456 266 370 92 460 17 122 489 64 289 487 190 259 262 345 
data.115: Cmax = 26833
226 114 433 274 269 81 402 137 334 313 17 1 240 448 32 299 496 84 480 281 63 271 223 390 66 429 100 333 144 65 483 57 139 256 102 342 246 391 197 12 133 95 143 500 265 118 31 373 343 475 348 94 467 3 157 230 326 361 399 449 23 36 369 59 297 288 371 20 316 213 322 136 13 315 204 149 263 330 145 278 491 430 124 314 309 266 107 285 464 472 18 423 273 289 396 202 459 182 43 463 294 153 80 415 210 473 478 317 359 443 280 243 5 75 272 318 62 225 231 277 435 362 388 165 331 352 8 49 97 111 346 224 268 244 131 353 308 460 360 298 178 51 417 117 236 474 2 458 328 446 253 46 7 413 248 9 420 382 192 431 345 138 87 191 212 354 379 237 147 374 366 387 292 284 195 340 276 67 56 140 196 186 12data.116: Cmax = 27070154 80 156 37 108 357 63 83 133 335 12 14 174 177 476 470 348 84 369 320 495 247 117 94 358 258 295 491 288 259 448 464 89 137 368 324 118 197 316 285 152 424 471 325 388 225 28 395 490 405 17 61 377 193 92 119 465 26 178 296 24 366 381 330 38 30 472 451 62 208 222 142 224 362 393 402 231 467 268 264 492 412 179 44 291 138 468 182 416 478 13 7 233 51 104 498 384 213 298 143 477 250 400 342 252 353 130 20 134 446 404 401 387 220 59 11 431 361 45 497 212 317 139 18 473 240 107 21 312 47 284 306 308 447 315 70 299 172 207 475 486 36 155 278 245 283 411 251 112 434 3 433 140 4 302 261 8 147 309 78 159 199 105 46 232 82 267 442 500 31 206 77 168 275 483 230 454 186 331 190 157 236 248 227 372 494 344 439 242 408 432 91 86 81 64 124 418 181 385 228 71 106 359 34 184 370 171 52 109 263 423 121 313 360 391 205 441 173 29 334 307 279 352 113 286 136 195 35 99 374 132 450 88 69 269 256 496 187 149 420 409 290 93 100 163 300 415 189 341 55 266 435 350 146 127 421 397 115 54 365 111 192 389 425 218 452 292 328 66 354 204 128 466 444 453 49 96 449 493 201 338 90 394 337 427 249 414 15 211 379 422 499 151 19 48 79 426 57 165 237 25 53 74 226 349 243 22 39 364 229 487 239 76 200 50 392 488 481 376 382 32 238 129 289 371 373 383 340 462 265 436 276 339 56 40 303 326 390 417 75 185 102 125 166 403 110 318 65 217 216 120 410 253 272 158 161 198 363 235 480 101 406 114 164 314 257 215 474 126 68 329 244 180 122 355 42 455 311 378 386 345 271 246 304 194 23 460 456 33 234 297 277 336 322 73 183 440 10 305 367 176 356 191 280 255 375 72 469 97 170 95 103 293 221 202 270 489 67 144 141 294 262 398 98 458 399 310 319 343 188 445 214 1 16 223 461 351 150 196 27 160 301 6 437 169 459 482 407 479 273 43 333 2 380 287 131 429 167 323 9 175 135 145 274 241 148 396 430 321 210 58 153 87 463 347 260 116 282 485 332 327 428 85 281 41 443 484 438 209 203 219 457 5 60 413 419 346 162 254 123data.117: Cmax = 26854464 447 312 112 326 62 444 234 242 472 461 237 145 265 219 500 434 194 289 93 416 295 241 313 381 115 210 310 214 391 22 324 438 182 337 17 353 493 140 97 350 320 85 142 325 263 68 5 102 57 236 187 321 223 365 119 491 178 31 155 251 209 113 196 25 415 440 203 340 417 259 149 291 290 243 136 419 117 42 378 173 61 171 328 133 128 471 406 269 296 401 496 344 260 185 299 356 475 346 89 118 228 212 481 316 351 138 177 257 293 116 451 146 338 495 334 206 48 141 218 165 190 473 412 256 19 43 132 388 110 386 33 336 283 379 172 192 105 76 318 180 445 282 144 421 311 63 70 488 231 300 189 460 94 150 490 425 98 109 455 54 30 253 38 466 397 277 169 470 151 111 56 264 103 342 361 159 108 148 50 7 9 314 280 309 181 79 239 126 221 153 37 398 304 432 285 272 11 40 120 246 428 229 436 127 100 422 123 137 446 409 426 72 183 414 77 467 281 497 437 86 1 225 485 143 413 36 370 3 341 302 261 4 227 288 211 2 106 367 275 286 46 271 12 306 480 443 23 442 208 392 333 268 435 294 220 453 170 463 131 498 250 389 279 327 67 329 73 186 317 59 41 130 124 439 235 198 65 20 10 373 215 81 164 199 474 452 352 483 233 462 87 376 262 74 204 125 400 64 354 477 201 101 382 92 449 184 83 303 399 14 258 166 134 129 255 273 424 411 207 454 372 29 402 139 457 355 375 52 468 476 358 292 205 489 193 383 478 339 160 217 274 107 427 158 95 167 66 492 343 420 371 276 319 147 24 335 28 430 27 330 245 374 78 238 394 429 32 55 369 323 404 75 51 240 90 53 482 347 175 60 418 393 487 82 224 270 395 249 45 200 188 179 448 232 34 408 284 44 254 15 362 366 499 99 308 91 174 360 450 484 266 122 216 161 114 297 156 104 154 13 135 298 226 163 403 58 247 230 202 364 465 248 315 152 191 385 267 16 359 380 441 278 301 287 431 332 357 458 47 494 39 162 49 18 71 80 197 222 349 459 21 307 195 368 35 469 157 348 26 305 331 252 396 6 168 387 433 8 363 121 213 377 486 407 405 479 345 390 84 423 322 244 456 96 88 384 410 69 176data.118: Cmax = 272166 372 453 322 442 37 27 84 253 385 113 54 429 491 76 120 432 416 312 85 285 138 230 437 337 148 35 41 248 494 403 118 428 311 247 153 363 264 145 241 199 339 401 14 397 426 421 135 52 461 94 174 439 377 420 268 424 345 4 98 290 121 306 218 493 38 53 136 23 355 462 83 42 177 28 10 198 381 470 485 194 105 170 206 204 188 49 159 207 330 441 257 451 220 371 193 107 302 205 460 300 55 292 26 382 392 244 228 254 450 225 495 56 165 423 261 132 475 478 184 77 399 70 378 114 384 151 482 332 48 454 317 15 431 256 212 376 103 323 293 172 408 457 243 40 369 139 231 463 196 425 250 95 379 404 197 65 282 305 249 128 315 201 417 258 246 150 234 168 288 24 430 192 17 237 58 393 122 406 195 472 484 86 309 213 221 163 291 29 308 147 477 338 316 490 287 448 307 43 32 8 296 469 389 272 126 321 396 483 259 438 336 499 386 422 87 411 155 46 304 410 18 117 186 209 395 102 418 123 447 263 319 342 45 93 1 97 92 328 116 229 412 89 72 167 276 239 266 100 413 3 160 349 415 269 61 473 88 340 375 335 39 452 124 80 370 183 74 390 152 279 467 20 294 341 414 367 284 440 481 112 50 69 71 277 7 327 110 99 361 360 458 301 275 190 245 436 388 434 283 115 119 325 405 202 265 310 62 141 443 175 487 31 289 427 51 171 25 479 203 59 329 36 208 314 480 273 364 101 44 298 348 144 179 267 216 297 211 445 449 295 149 394 498 387 162 236 30 140 497 251 271 373 64 5 354 344 260 158 362 90 471 252 137 455 407 444 47 78 154 398 176 91 182 223 19 125 185 280 34 9 357 104 161 22 21 82 224 2 181 240 255 488 358 66 63 214 60 383 157 232 142 217 476 81 353 331 465 459 187 368 133 200 326 299 500 210 347 57 235 313 96 79 409 191 380 111 108 274 173 333 278 435 492 75 262 222 166 68 391 343 496 334 16 464 67 238 169 143 433 156 270 13 12 226 318 109 227 106 131 11 180 215 134 303 178 468 365 466 233 129 73 359 33 130 242 346 351 352 446 400 419 320 486 474 356 281 164 350 219 189 456 366 146 374 127 286 489 402 324data.119: Cmax = 26555
232 120 285 364 431 224 310 335 355 250 424 215 104 135 409 316 442 330 350 175 166 357 156 8 392 354 118 40 63 308 13 322 79 189 64 307 182 110 147 211 177 38 42 227 168 142 99 14 461 287 454 7 437 249 119 178 270 336 457 86 208 280 500 45 493 134 286 145 141 143 458 83 343 77 312 212 472 56 176 345 27 214 445 67 223 370 23 278 191 31 186 204 152 164 291 200 294 216 252 153 217 196 447 367 257 140 448 309 98 349 465 297 326 353 188 453 173 327 33 36 464 368 479 373 66 274 228 276 443 105 498 260 193 301 263 496 452 243 407 477 41 323 161 70 46 180 107 136 417 456 149 450 49 220 28 342 75 272 436 271 387 499 195 253 51 383 34 130 22 401 403 463 415 39 81 337 69 466 266 420 329 331 332 358 54 421 394 234 416 412 441 10 85 127 242 254 76 50 374 58 279 72 97 163 487 184 108 116 88 157 432 491 239 183 55 35 24 476 338 248 455 284 273 484 315 73 219 117 306 451 422 398 11 290 4 365 293 174 300 128 264 426 268 393 165 395 340 255 155 114 305 198 43 410 402 18 5 133 213 246 190 106 396 427 328 428 231 29 80 339 470 495 351 344 348 390 20 121 57 438 292 400 102 59 251 318 2 192 341 124 299 295 474 151 61 89 222 376 486 359 423 210 362 237 303 148 405 68 481 439 129 238 434 397 430 112 244 172 380 48 154 19 218 347 482 311 262 185 207 194 87 123 202 449 16 84 100 480 497 138 372 206 360 391 71 170 468 489 413 444 236 411 82 225 103 9 258 95 96 179 44 471 91 131 304 386 288 375 52 221 414 265 446 435 187 283 94 384 160 269 361 381 377 62 314 418 490 275 115 92 26 485 313 159 302 126 317 90 366 404 137 325 122 209 369 478 256 261 469 101 146 235 21 203 226 334 241 333 408 473 382 282 321 281 30 296 324 171 230 267 494 298 459 352 162 440 483 229 406 3 132 6 259 78 245 378 158 32 399 12 379 240 319 199 233 462 201 419 247 74 93 467 320 150 37 167 389 1 25 425 169 15 111 488 433 475 277 144 371 17 356 429 53 460 388 125 139 47 346 205 385 363 113 109 289 181 60 197 492 65 
data.120: Cmax = 27032
226 439 152 370 47 120 412 316 262 292 16 111 44 134 150 214 377 406 485 183 470 149 7 71 283 68 421 13 91 276 268 85 410 18 5 191 479 230 442 19 168 486 17 493 261 244 297 1 248 306 380 155 201 326 43 213 106 12 46 441 219 246 411 440 394 420 363 212 130 323 447 79 92 388 396 171 211 41 453 249 136 193 199 315 24 332 390 296 266 313 220 309 190 364 482 257 197 122 114 270 445 239 196 96 328 345 472 142 304 424 11 454 116 451 192 202 169 181 311 369 386 272 379 189 139 6 177 73 282 368 175 233 35 329 480 215 378 75 450 39 217 498 227 129 416 164 131 159 302 344 258 128 55 314 288 166 375 341 59 374 87 347 10 29 188 4 205 203 45 473 497 279 20 204 407 259 392 144 434 2 484 294 104 88 172 403 141 365 452 108 126 74 83 187 221 417 330 148 22 251 353 463 160 405 42 82 31 242 65 36 245 198 38 422 331 99 236 76 90 52 60 98 461 474 271 307 269 145 350 72 243 340 158 354 179 402 401 299 491 334 57 349 444 373 174 457 119 499 105 443 362 391 295 490 178 147 58 133 448 112 67 324 427 409 298 466 127 285 483 301 327 399 100 81 426 339 496 320 458 436 449 237 228 384 469 389 21 170 481 232 185 143 234 358 343 286 137 333 9 63 176 495 400 200 27 446 33 195 56 336 97 382 359 50 348 273 28 102 395 124 80 218 162 157 383 77 487 335 256 278 247 235 37 163 267 216 432 385 253 161 494 290 101 408 132 117 337 465 431 312 425 23 165 475 154 223 138 49 265 325 173 318 393 8 367 284 231 153 438 356 437 156 338 352 435 300 275 252 361 404 61 346 95 123 222 254 93 30 319 281 51 207 40 381 419 32 53 289 113 430 263 418 372 305 64 229 121 89 413 260 376 118 429 471 125 210 317 151 398 110 34 455 238 274 240 322 78 54 94 492 308 140 180 371 303 14 264 70 464 135 423 206 477 3 500 467 103 69 86 478 255 293 415 224 360 48 277 250 209 366 109 489 310 462 397 414 459 321 351 107 357 225 115 184 476 66 488 182 280 146 167 287 291 62 428 468 342 456 84 194 25 355 208 387 186 433 460 26 15 241